# Doing first three
Skipped: 1958
Count: 52986
Sum: 38698.44519999988
Average: 0.7303522666364677

# T10 90% Threshold
Skipped: 1958
Count: 16920196
16920196
Threshold: 0.7223